[gd_scene load_steps=5 format=2]

[ext_resource path="res://assets/Wall.tres" type="Material" id=1]
[ext_resource path="res://assets/Floor.tres" type="Material" id=2]
[ext_resource path="res://assets/Box.tres" type="Material" id=3]
[ext_resource path="res://scr/Player/Player.tscn" type="PackedScene" id=4]

[node name="Main" type="Spatial"]

[node name="Objects" type="Spatial" parent="."]

[node name="Floor" type="CSGBox" parent="Objects"]
use_collision = true
width = 52.0
height = 1.0
depth = 52.0
material = ExtResource( 2 )

[node name="Wall" type="CSGBox" parent="Objects"]
transform = Transform( 1, 0, 0, 0, 1, 0, 0, 0, 1, 11, 4, 0 )
use_collision = true
width = 1.0
height = 8.0
depth = 21.0
material = ExtResource( 1 )

[node name="Wall2" type="CSGBox" parent="Objects"]
transform = Transform( -4.37114e-08, 0, -1, 0, 1, 0, 1, 0, -4.37114e-08, 0, 4, -10 )
use_collision = true
width = 1.0
height = 8.0
depth = 22.0
material = ExtResource( 1 )

[node name="Boxes" type="Spatial" parent="Objects"]
transform = Transform( 0.997447, -0.0506873, -0.0503094, 0.0503034, 0.998694, -0.00886949, 0.0506933, 0.00631611, 0.998694, -6.60427, 0.345325, -6 )

[node name="Box" type="CSGBox" parent="Objects/Boxes"]
transform = Transform( 0.707107, 0.707107, 0, -0.612372, 0.612372, -0.5, -0.353553, 0.353553, 0.866025, 0.29249, 1.50664, 0.71352 )
use_collision = true
width = 1.0
height = 1.0
depth = 1.0
material = ExtResource( 3 )

[node name="Box2" type="CSGBox" parent="Objects/Boxes"]
transform = Transform( 0.707107, 0.707107, 0, -0.612372, 0.612372, -0.5, -0.353553, 0.353553, 0.866025, 1.29249, 3.50664, -0.28648 )
use_collision = true
width = 1.0
height = 1.0
depth = 1.0
material = ExtResource( 3 )

[node name="Box3" type="CSGBox" parent="Objects/Boxes"]
transform = Transform( 0.707107, 0.707107, 0, -0.612372, 0.612372, -0.5, -0.353553, 0.353553, 0.866025, -0.70751, 3.50664, 1.71352 )
use_collision = true
width = 1.0
height = 1.0
depth = 1.0
material = ExtResource( 3 )

[node name="Box4" type="CSGBox" parent="Objects/Boxes"]
transform = Transform( 0.707107, 0.707107, 0, -0.612372, 0.612372, -0.5, -0.353553, 0.353553, 0.866025, -0.70751, 5.50664, -0.28648 )
use_collision = true
width = 1.0
height = 1.0
depth = 1.0
material = ExtResource( 3 )

[node name="Box5" type="CSGBox" parent="Objects/Boxes"]
transform = Transform( 0.707107, 0.707107, 0, -0.612372, 0.612372, -0.5, -0.353553, 0.353553, 0.866025, 1.29249, 5.50664, 1.71352 )
use_collision = true
width = 1.0
height = 1.0
depth = 1.0
material = ExtResource( 3 )

[node name="Box6" type="CSGBox" parent="Objects/Boxes"]
transform = Transform( 0.707107, 0.707107, 0, -0.612372, 0.612372, -0.5, -0.353553, 0.353553, 0.866025, 0.29249, 7.50664, 0.71352 )
use_collision = true
width = 1.0
height = 1.0
depth = 1.0
material = ExtResource( 3 )

[node name="DirectionalLight" type="DirectionalLight" parent="."]
transform = Transform( -0.5, 0.732753, 0.461599, -4.65971e-08, -0.533009, 0.84611, 0.866026, 0.423055, 0.266504, 17, 13.1943, -3.2602 )
light_energy = 0.22
shadow_enabled = true
__meta__ = {
"_editor_description_": ""
}

[node name="Camera" type="Camera" parent="."]
transform = Transform( 0.83528, -0.0588857, -0.546662, 0.00226934, 0.994609, -0.10367, 0.54982, 0.0853533, 0.830911, -5.99687, 2.80664, 8.49367 )
visible = false

[node name="Player" parent="." instance=ExtResource( 4 )]
transform = Transform( 1, 0, 0, 0, 1, 0, 0, 0, 1, 0, 2, 0 )
